# BRON: KONINKLIJK NEDERLANDS METEOROLOGISCH INSTITUUT (KNMI)
# Opmerking: door stationsverplaatsingen en veranderingen in waarneemmethodieken zijn deze tijdreeksen van dagwaarden mogelijk inhomogeen! Dat betekent dat deze reeks van gemeten waarden niet geschikt is voor trendanalyse. Voor studies naar klimaatverandering verwijzen we naar de gehomogeniseerde reeks maandtemperaturen van De Bilt <http://www.knmi.nl/kennis-en-datacentrum/achtergrond/gehomogeniseerde-reeks-maandtemperaturen-de-bilt> of de Centraal Nederland Temperatuur <http://www.knmi.nl/kennis-en-datacentrum/achtergrond/centraal-nederland-temperatuur-cnt>.
# 
# 
# STN      LON(east)   LAT(north)     ALT(m)  NAME
# 260:         5.177       52.101       2.00  DE BILT
# 
# YYYYMMDD = Datum (YYYY=jaar MM=maand DD=dag); 
# TX       = Maximum temperatuur (in 0.1 graden Celsius); 
# 
# STN,YYYYMMDD,   TX
# 
  260,20120101,  129
  260,20120102,  103
  260,20120103,  107
  260,20120104,   86
  260,20120105,  102
  260,20120106,   88
  260,20120107,   94
  260,20120108,   84
  260,20120109,   95
  260,20120110,   93
  260,20120111,   90
  260,20120112,  105
  260,20120113,   75
  260,20120114,   73
  260,20120115,   66
  260,20120116,   48
  260,20120117,   61
  260,20120118,   62
  260,20120119,   81
  260,20120120,   68
  260,20120121,  109
  260,20120122,   99
  260,20120123,   80
  260,20120124,   59
  260,20120125,   52
  260,20120126,   62
  260,20120127,   80
  260,20120128,   68
  260,20120129,    8
  260,20120130,  -12
  260,20120131,  -11
  260,20120201,  -13
  260,20120202,  -35
  260,20120203,  -51
  260,20120204,  -45
  260,20120205,  -51
  260,20120206,  -33
  260,20120207,  -37
  260,20120208,   -9
  260,20120209,    5
  260,20120210,  -21
  260,20120211,  -30
  260,20120212,   -5
  260,20120213,   50
  260,20120214,   59
  260,20120215,   68
  260,20120216,   75
  260,20120217,   95
  260,20120218,   91
  260,20120219,   60
  260,20120220,   64
  260,20120221,   93
  260,20120222,   90
  260,20120223,  129
  260,20120224,   99
  260,20120225,  103
  260,20120226,   96
  260,20120227,   82
  260,20120228,   98
  260,20120229,   95
  260,20120301,  101
  260,20120302,  131
  260,20120303,  125
  260,20120304,  113
  260,20120305,   84
  260,20120306,   97
  260,20120307,   62
  260,20120308,   92
  260,20120309,  106
  260,20120310,  115
  260,20120311,  138
  260,20120312,  135
  260,20120313,   95
  260,20120314,   86
  260,20120315,  151
  260,20120316,  118
  260,20120317,  125
  260,20120318,   99
  260,20120319,  116
  260,20120320,  136
  260,20120321,  160
  260,20120322,  192
  260,20120323,  197
  260,20120324,  179
  260,20120325,  169
  260,20120326,  166
  260,20120327,  182
  260,20120328,  184
  260,20120329,  117
  260,20120330,  101
  260,20120331,   93
  260,20120401,   97
  260,20120402,  135
  260,20120403,  141
  260,20120404,   90
  260,20120405,  102
  260,20120406,  112
  260,20120407,   79
  260,20120408,   97
  260,20120409,  101
  260,20120410,  112
  260,20120411,  127
  260,20120412,  125
  260,20120413,  117
  260,20120414,  126
  260,20120415,   96
  260,20120416,  101
  260,20120417,  100
  260,20120418,  132
  260,20120419,  134
  260,20120420,  133
  260,20120421,  119
  260,20120422,  133
  260,20120423,  144
  260,20120424,  135
  260,20120425,  134
  260,20120426,  146
  260,20120427,  160
  260,20120428,  124
  260,20120429,  184
  260,20120430,  224
  260,20120501,  192
  260,20120502,  198
  260,20120503,  143
  260,20120504,  120
  260,20120505,  101
  260,20120506,  118
  260,20120507,  151
  260,20120508,  176
  260,20120509,  189
  260,20120510,  218
  260,20120511,  174
  260,20120512,  131
  260,20120513,  143
  260,20120514,  166
  260,20120515,  124
  260,20120516,  120
  260,20120517,  150
  260,20120518,  191
  260,20120519,  206
  260,20120520,  227
  260,20120521,  247
  260,20120522,  284
  260,20120523,  288
  260,20120524,  283
  260,20120525,  257
  260,20120526,  256
  260,20120527,  266
  260,20120528,  243
  260,20120529,  185
  260,20120530,  223
  260,20120531,  184
  260,20120601,  161
  260,20120602,  164
  260,20120603,  110
  260,20120604,  114
  260,20120605,  157
  260,20120606,  187
  260,20120607,  209
  260,20120608,  192
  260,20120609,  159
  260,20120610,  201
  260,20120611,  200
  260,20120612,  165
  260,20120613,  153
  260,20120614,  180
  260,20120615,  193
  260,20120616,  199
  260,20120617,  195
  260,20120618,  187
  260,20120619,  209
  260,20120620,  218
  260,20120621,  219
  260,20120622,  184
  260,20120623,  193
  260,20120624,  167
  260,20120625,  173
  260,20120626,  225
  260,20120627,  209
  260,20120628,  279
  260,20120629,  223
  260,20120630,  242
  260,20120701,  191
  260,20120702,  213
  260,20120703,  235
  260,20120704,  265
  260,20120705,  274
  260,20120706,  229
  260,20120707,  240
  260,20120708,  197
  260,20120709,  194
  260,20120710,  196
  260,20120711,  192
  260,20120712,  186
  260,20120713,  205
  260,20120714,  178
  260,20120715,  185
  260,20120716,  177
  260,20120717,  195
  260,20120718,  192
  260,20120719,  181
  260,20120720,  191
  260,20120721,  184
  260,20120722,  209
  260,20120723,  256
  260,20120724,  289
  260,20120725,  287
  260,20120726,  270
  260,20120727,  287
  260,20120728,  221
  260,20120729,  207
  260,20120730,  195
  260,20120731,  179
  260,20120801,  269
  260,20120802,  214
  260,20120803,  230
  260,20120804,  237
  260,20120805,  238
  260,20120806,  204
  260,20120807,  192
  260,20120808,  207
  260,20120809,  219
  260,20120810,  219
  260,20120811,  213
  260,20120812,  241
  260,20120813,  245
  260,20120814,  262
  260,20120815,  288
  260,20120816,  241
  260,20120817,  270
  260,20120818,  320
  260,20120819,  330
  260,20120820,  270
  260,20120821,  267
  260,20120822,  221
  260,20120823,  231
  260,20120824,  239
  260,20120825,  218
  260,20120826,  196
  260,20120827,  218
  260,20120828,  228
  260,20120829,  241
  260,20120830,  210
  260,20120831,  171
  260,20120901,  193
  260,20120902,  196
  260,20120903,  230
  260,20120904,  247
  260,20120905,  201
  260,20120906,  196
  260,20120907,  232
  260,20120908,  254
  260,20120909,  281
  260,20120910,  233
  260,20120911,  182
  260,20120912,  169
  260,20120913,  171
  260,20120914,  175
  260,20120915,  191
  260,20120916,  193
  260,20120917,  199
  260,20120918,  174
  260,20120919,  150
  260,20120920,  157
  260,20120921,  162
  260,20120922,  161
  260,20120923,  136
  260,20120924,  216
  260,20120925,  168
  260,20120926,  161
  260,20120927,  166
  260,20120928,  171
  260,20120929,  158
  260,20120930,  165
  260,20121001,  187
  260,20121002,  178
  260,20121003,  150
  260,20121004,  151
  260,20121005,  164
  260,20121006,  153
  260,20121007,  153
  260,20121008,  138
  260,20121009,  142
  260,20121010,  145
  260,20121011,  143
  260,20121012,  144
  260,20121013,  113
  260,20121014,  118
  260,20121015,  135
  260,20121016,  150
  260,20121017,  157
  260,20121018,  186
  260,20121019,  212
  260,20121020,  164
  260,20121021,  148
  260,20121022,  220
  260,20121023,  182
  260,20121024,  137
  260,20121025,  133
  260,20121026,   86
  260,20121027,   82
  260,20121028,  102
  260,20121029,   95
  260,20121030,   96
  260,20121031,  125
  260,20121101,  106
  260,20121102,  100
  260,20121103,   89
  260,20121104,   93
  260,20121105,  104
  260,20121106,  113
  260,20121107,  108
  260,20121108,  117
  260,20121109,  107
  260,20121110,  113
  260,20121111,  115
  260,20121112,   77
  260,20121113,  104
  260,20121114,  126
  260,20121115,   55
  260,20121116,   51
  260,20121117,   84
  260,20121118,  103
  260,20121119,  102
  260,20121120,  123
  260,20121121,  106
  260,20121122,  113
  260,20121123,   82
  260,20121124,   93
  260,20121125,  131
  260,20121126,   99
  260,20121127,   87
  260,20121128,   93
  260,20121129,   70
  260,20121130,   70
  260,20121201,   52
  260,20121202,   58
  260,20121203,   72
  260,20121204,   67
  260,20121205,   37
  260,20121206,   36
  260,20121207,   16
  260,20121208,   20
  260,20121209,   84
  260,20121210,   62
  260,20121211,   33
  260,20121212,   42
  260,20121213,    5
  260,20121214,   96
  260,20121215,   97
  260,20121216,   80
  260,20121217,   78
  260,20121218,   71
  260,20121219,   61
  260,20121220,   42
  260,20121221,   79
  260,20121222,  104
  260,20121223,  130
  260,20121224,  127
  260,20121225,  105
  260,20121226,   94
  260,20121227,   98
  260,20121228,  105
  260,20121229,  120
  260,20121230,   94
  260,20121231,  104
